 11.334191560745239258    14.756636619567871094    10.814763307571411133   678.152066507381
 10.334191560745239258    16.756636619567871094    12.814763307571409356   1558.2064979950692
 12.334191560745239258    16.756636619567871094     9.8147633075714093565  758.4155227290119
 13.334191560745239258    13.756636619567869317    12.814763307571409356   5242.703212991738
  9.3341915607452392578   11.756636619567869317     7.8147633075714200146  2647.9426237997095
 13.334191560745239258    20                       14.814763307571409356   5952.01422383776
 10.334191560745239258    13.756636619567869317     9.8147633075714093565  1234.0014386488422
 12.334191560745239258    13.756636619567869317     7.8147633075714102446  1167.3077089218061
 13.334191560745239258    16.756636619567871094     8.8147633075714093565  825.4242257789668
 12.334191560745239258    18.756636619567871094    11.814763307571409356   1055.8760252217662
 12.334191560745239258    17.756636619567871094    10.814763307571409356   713.0603248343416
 10.334191560745239258    15.756636619567869317    11.814763307571409356   1226.463436050241
 12.334191560745239258    14.756636619567869317    10.814763307571409356   1114.5907907510941
 11.334191560745239258    15.756636619567869317    10.814763307571409356   805.6814211350808
 11.334191560745239258    14.756636619567869317     9.8147633075714093565  824.2728667179728
 10.334191560745239258    13.756636619567879976    11.814763307571409356   1108.2077994812662
 12.664191560745239329    17.086636619567869388    10.144763307571409428   527.965865090957
 13.334191560745239258    17.756636619567871094     9.8147633075714093565  428.31274165388714
 12.334191560745239258    16.756636619567871094    11.144763307571409428   757.9166039205655
 12.334191560745239258    16.756636619567871094    10.814763307571409356   620.2057158883964
 12.334191560745239258    15.086636619567869388    10.144763307571409428   344.31333792750826
 12.334191560745239258    13.756636619567869317     9.8147633075714093565  551.8774067911727
 14.004191560745239187    18.306636619567868252     9.7047633075714099249  260.70009940889776
 15.334191560745239258    20                        9.1447633075714094275  307.8185695050108
 14.114191560745240395    17.346636619567870952     8.9647633075714097117  365.74672651631494
 13.634191560745239968    16.066636619567869815     9.3947633075714094275  234.06519112013606
 13.784191560745240324    15.226636619567869957     9.1847633075714103512  476.23410203444087
 12.534191560745240324    15.626636619567870312    10.534763307571409996   629.8249637310801
 13.724191560745239826    16.916636619567871236     9.3547633075714102802  240.24480939778726
 15.2441915607452394      19.106636619567868962     8.8247633075714091433  421.2904562403398
 13.064191560745239684    16.096636619567870952     9.8147633075714093565  270.6604399482095
 14.51419156074524075     18.096636619567870952     9.1547633075714092143  271.760175522911
 13.424191560745239116    16.596636619567870952     9.6547633075714092143  248.5987343939442
 13.184191560745240679    14.746636619567869531     9.2347633075714092854  259.92835054345977
 13.394191560745239755    15.636636619567870099     9.3547633075714102802  223.30375870129305
 13.7441915607452394      15.816636619567859157     9.0847633075714107065  210.94572518741296
 13.904191560745239542    15.426636619567860365     8.7947633075714097828  241.41710127540873
 13.454191560745240253    14.766636619567860222     9.2047633075714099249  440.06574898378324
 13.654191560745239542    16.37663661956786143      9.3147633075714093565  217.6868168071922
 13.564191560745239684    15.816636619567859157     9.1047633075714102802  228.88949678956945
 13.584191560745239258    15.886636619567859441     9.1847633075714103512  215.37928644590437
 13.924191560745239116    16.41663661956784992      9.0347633075714099959  249.98885061592952
 13.524191560745240537    15.836636619567860507     9.2747633075714102091  214.48408795470687
 13.584191560745239258    15.316636619567859157     9.0447633075714097828  202.3726254921589
 13.54419156074524011     14.786636619567859796     8.9147633075714107775  247.0328085944194
 13.654191560745239542    15.426636619567860365     9.0847633075714107065  217.1938314800529
 13.604191560745240608    15.776636619567860009     9.1647633075714107775  208.93288065217746
 13.76419156074524075     15.436636619567860151     8.9247633075714105644  215.33090469313802
 13.584191560745239258    15.736636619567860862     9.1847633075714103512  208.3741562002204
 13.434191560745240679    15.406636619567860791     9.1747633075714105644  204.6168334317802
 13.464191560745240039    15.196636619567859938     9.1047633075714102802  201.47469509274563
 13.394191560745239755    14.906636619567860791     9.0747633075714002615  220.77156487239174
 13.404191560745239542    14.876636619567859654     9.0347633075714099959  214.43932520923602
 13.54419156074524011     15.526636619567860009     9.1447633075714094275  205.59883214289124
 13.444191560745240466    15.086636619567860507     9.0747633075714091433  203.2284458936427
 13.564191560745239684    14.996636619567860649     8.9747633075714094986  227.73325055302206
 13.464191560745240039    15.30663661956785937      9.1247633075714098538  202.82358928971587
 13.564191560745239684    15.456636619567859725     9.1047633075714102802  204.50041696187526
 13.474191560745239826    15.176636619567860365     9.0847633075714107065  200.72864376405144
 13.554191560745239897    15.156636619567860791     9.0347633075714099959  214.6556200491308
 13.484191560745239613    15.266636619567860222     9.1047633075714102802  202.06103937997315
 13.504191560745239187    15.116636619567859867     9.0247633075714102091  202.77308967911642
 13.364191560745240395    15.10663661956786008      9.1547633075714092143  204.6703460843293
 13.534191560745240324    15.266636619567860222     9.0747633075714091433  201.76793194472344
 13.4941915607452394      15.156636619567860791     9.0747633075714091433  207.32043752003986
 13.484191560745239613    15.236636619567860862     9.0947633075714104933  201.6090668308746
 13.414191560745239329    15.136636619567859441     9.114763307571410067   201.26731973124618
 13.414191560745239329    15.10663661956786008      9.1047633075714102802  200.55926371877047
 13.384191560745239968    15.036636619567859796     9.114763307571410067   206.98306864354498
 13.414191560745239329    15.10663661956786008      9.1647633075714107775  226.09701217895275
 13.414191560745239329    15.10663661956786008      9.0947633075714104933  200.03727813871916
 13.414191560745239329    16.106636619567858304     9.0947633075714104933  282.0008085762049
 12.414191560745239329    16.106636619567858304    10.094763307571410493   458.82313592118714
 12.414191560745239329    15.10663661956786008      8.0947633075714104933  1457.9208985577127
 13.414191560745239329    15.10663661956786008      9.0647633075714093565  200.26972863593932
 13.454191560745240253    15.126636619567859654     9.0447633075714097828  200.3705185692205
 13.384191560745239968    15.046636619567859583     9.0547633075714095696  199.5866701893125
 13.334191560745239258    14.986636619567860862     9.0347633075714099959  203.84290945766338
 13.354191560745240608    15.046636619567859583     9.0947633075714104933  199.59604352693938
 13.354191560745240608    15.026636619567860009     9.0947633075714104933  199.23277580578656
 13.324191560745239471    14.986636619567860862     9.114763307571410067   199.3007612877856
 13.314191560745239684    14.976636619567859299     9.0647633075714093565  199.09086519803745
 13.26419156074524075     14.906636619567860791     9.0547633075714095696  201.43684532667865
 13.344191560745240821    14.986636619567860862     9.0447633075714097828  200.246167639705
 13.354191560745240608    15.036636619567859796     9.0847633075714107065  199.4893588997849
 13.29419156074524011     14.976636619567859299     9.1047633075714102802  198.89587723882698
 13.254191560745239187    14.946636619567859938     9.1347633075714096407  198.75973896831437
 13.26419156074524075     14.926636619567860365     9.114763307571410067   198.2333227346667
 13.214191560745240039    14.876636619567859654     9.1247633075714098538  197.7878165953577
 13.164191560745239329    14.836636619567860507     9.1247633075714098538  197.59372194218312
 13.074191560745239471    14.746636619567860649     9.1347633075714096407  196.83954865436928
 13.04419156074524011     14.736636619567860862     9.1947633075714101381  199.25195244249716
 13.2441915607452394      14.916636619567860578     9.0947633075714104933  198.4080894907804
 13.104191560745240608    14.746636619567860649     9.1047633075714102802  197.8596382428558
 13.01419156074524075     14.666636619567860578     9.1447633075714094275  195.93187459902234
 12.904191560745239542    14.536636619567859796     9.1747633075714105644  194.50834649827019
 13.024191560745240537    14.696636619567859938     9.1847633075714103512  197.49406491876053
 12.784191560745240324    14.446636619567859938     9.2047633075714099249  193.99077133430018
 12.574191560745239471    14.226636619567859299     9.2447633075714108486  193.45511172309259
 12.674191560745239116    14.30663661956785937      9.1847633075714103512  199.1091886035857
 12.934191560745240679    14.596636619567860294     9.1847633075714103512  195.27667422307061
 12.534191560745240324    14.156636619567860791     9.2647633075714104223  190.9162163039154
 12.26419156074524075     13.866636619567859867     9.3347633075714107065  189.72450502732605
 12.224191560745239826    13.82663661956786072      9.3147633075714093565  190.83421002249264
 11.804191560745239897    13.406636619567860791     9.4247633075714105644  229.45810565178388
 12.634191560745239968    14.256636619567860436     9.2347633075714092854  191.84762639162145
 12.174191560745239116    13.736636619567860862     9.3447633075714104933  188.2668841003821
 11.974191560745239826    13.496636619567860649     9.3947633075714005457  187.80263178127748
 11.674191560745239116    13.206636619567859725     9.4647633075714008299  232.16365312259578
 12.394191560745239755    13.996636619567860649     9.2947633075713991246  189.41277217464943
 12.194191560745240466    13.746636619567860649     9.3647633075713994089  192.33796353643956
 12.214191560745240039    13.80663661956785937      9.3247633075714002615  188.43533350898454
 12.124191560745240182    13.666636619567860578     9.3447633075713998352  186.56808429752886
 12.054191560745239897    13.566636619567859157     9.3447633075713802953  184.33498181182634
 11.76419156074524075     13.246636619567860649     9.4147633075713894613  204.45746259178844
 12.234191560745239613    13.80663661956785937      9.3247633075714002615  187.6874296319662
 11.964191560745240039    13.436636619567860151     9.3847633075713901007  187.08336997648132
 12.194191560745240466    13.706636619567859725     9.3047633075713793716  185.6747888244039
 11.904191560745239542    13.336636619567860507     9.3647633075713692108  182.4097643121538
 11.7441915607452394      13.096636619567860294     9.3847633075713492445  180.0166813017648
 12.034191560745240324    13.476636619567859299     9.3047633075713491735  186.0942640674822
 12.01419156074524075     13.466636619567859512     9.3247633075713594053  184.14021085537837
 11.684191560745240679    13.046636619567859583     9.3947633075713508077  194.45993246006643
 12.064191560745239684    13.546636619567859583     9.3247633075713505235  184.78718373485447
 11.7441915607452394      12.096636619567860294     9.4447633075712893458  513.4573440651864
