0.0 -678.152066507381
1.2630138397216797 678.152066507381
2.07073712348938 678.152066507381
2.946678400039673 667.8487260420547
4.186460971832275 286.165069754003
5.078132390975952 286.165069754003
5.949994087219238 286.165069754003
6.815739631652832 286.165069754003
7.794072866439819 286.165069754003
9.015100002288818 286.165069754003
9.99187684059143 286.165069754003
11.341771125793457 286.165069754003
12.442020893096924 286.165069754003
13.742217302322388 286.165069754003
14.743814468383789 286.165069754003
15.617833852767944 286.165069754003
16.837337017059326 286.165069754003
17.753867387771606 286.165069754003
18.922306299209595 286.165069754003
19.749748945236206 286.165069754003
20.522023677825928 286.165069754003
21.787463188171387 286.165069754003
22.892108917236328 286.165069754003
23.809508800506592 286.165069754003
24.8789222240448 286.165069754003
26.750964403152466 286.165069754003
28.536749601364136 286.165069754003
29.851056337356567 286.165069754003
31.49822235107422 286.165069754003
32.74732756614685 286.165069754003
33.76703691482544 286.165069754003
35.08876180648804 286.165069754003
36.4268639087677 286.165069754003
37.716434478759766 286.165069754003
38.663453340530396 286.165069754003
39.859957695007324 286.165069754003
40.7653751373291 286.165069754003
42.04412388801575 286.165069754003
42.91489291191101 286.165069754003
44.29863142967224 286.165069754003
45.122329235076904 199.60397188527958
46.075740575790405 199.60397188527958
46.796480655670166 199.60397188527958
48.200377464294434 199.60397188527958
49.35389494895935 199.60397188527958
51.143563985824585 199.60397188527958
52.110661029815674 199.60397188527958
53.06503701210022 199.60397188527958
54.16552424430847 199.60397188527958
55.30448818206787 199.60397188527958
56.644562005996704 199.60397188527958
57.944480657577515 199.60397188527958
59.282219648361206 199.60397188527958
60.43192934989929 199.60397188527958
61.35724353790283 199.60397188527958
62.48145341873169 199.60397188527958
63.88145422935486 199.60397188527958
65.0020203590393 199.60397188527958
66.94007086753845 199.60397188527958
67.91839051246643 199.60397188527958
68.89590430259705 199.60397188527958
69.82269763946533 199.60397188527958
70.93848156929016 199.60397188527958
71.71345734596252 199.60397188527958
73.13514494895935 199.60397188527958
74.12773823738098 199.60397188527958
75.4978187084198 199.60397188527958
76.46396040916443 199.60397188527958
77.66952753067017 199.60397188527958
78.39673066139221 199.60397188527958
79.46776747703552 199.60397188527958
80.35149717330933 199.60397188527958
81.10937285423279 199.60397188527958
81.69072699546814 199.60397188527958
82.42133784294128 199.60397188527958
83.24128556251526 199.60397188527958
84.04412388801575 199.60397188527958
85.13376212120056 199.60397188527958
85.9438853263855 199.60397188527958
86.57490110397339 199.60397188527958
87.27925896644592 199.60397188527958
89.76470947265625 199.60397188527958
90.56363821029663 199.60397188527958
91.29622626304626 199.60397188527958
92.2249755859375 199.60397188527958
93.132493019104 199.60397188527958
93.88042116165161 199.60397188527958
94.57182812690735 199.60397188527958
95.84068465232849 199.60397188527958
96.6180362701416 199.60397188527958
97.52017998695374 199.60397188527958
98.40318465232849 199.60397188527958
99.42035174369812 199.60397188527958
100.81140065193176 199.60397188527958
102.11452960968018 199.60397188527958
103.25114607810974 199.60397188527958
103.9591920375824 199.60397188527958
104.74391460418701 199.60397188527958
106.57825994491577 199.60397188527958
107.4794430732727 199.60397188527958
108.24165415763855 199.60397188527958
109.35579347610474 199.60397188527958
110.08525252342224 199.60397188527958
110.98539638519287 199.60397188527958
112.78780341148376 199.60397188527958
113.8426525592804 199.60397188527958
114.99905800819397 199.60397188527958
116.0074667930603 199.60397188527958
116.99785017967224 199.60397188527958
117.6894953250885 199.60397188527958
118.40750789642334 199.60397188527958
119.7401692867279 199.60397188527958
121.01240181922913 199.60397188527958
121.96247339248657 199.60397188527958
123.20262575149536 199.60397188527958
124.33621311187744 199.60397188527958
125.57994222640991 199.60397188527958
126.3181471824646 199.60397188527958
126.88686990737915 199.60397188527958
127.69845128059387 199.60397188527958
128.48838591575623 199.60397188527958
129.312979221344 199.60397188527958
130.23980951309204 199.60397188527958
131.02298212051392 199.60397188527958
131.62297439575195 199.60397188527958
132.24078917503357 199.60397188527958
