 11.334191560745239258    14.756636619567871094    10.814763307571411133   678.152066507381
 10.334191560745239258    16.756636619567871094    12.814763307571409356   1558.2064979950692
 12.334191560745239258    16.756636619567871094     9.8147633075714093565  758.4155227290119
 13.334191560745239258    13.756636619567869317    12.814763307571409356   5242.703212991738
  9.3341915607452392578   11.756636619567869317     7.8147633075714200146  2647.9426237997095
 13.334191560745239258    20                       14.814763307571409356   5952.01422383776
 10.334191560745239258    13.756636619567869317     9.8147633075714093565  1234.0014386488422
 12.334191560745239258    13.756636619567869317     7.8147633075714102446  1167.3077089218061
 13.334191560745239258    16.756636619567871094     8.8147633075714093565  825.4242257789668
 12.334191560745239258    18.756636619567871094    11.814763307571409356   1055.8760252217662
 12.334191560745239258    17.756636619567871094    10.814763307571409356   713.0603248343416
 10.334191560745239258    15.756636619567869317    11.814763307571409356   1226.463436050241
 12.334191560745239258    14.756636619567869317    10.814763307571409356   1114.5907907510941
 11.334191560745239258    15.756636619567869317    10.814763307571409356   805.6814211350808
 11.334191560745239258    14.756636619567869317     9.8147633075714093565  824.2728667179728
 10.334191560745239258    13.756636619567879976    11.814763307571409356   1108.2077994812662
 12.174191560745239116    15.996636619567869531    10.344763307571410493   517.4035809371002
 15.174191560745239116    19.996636619567869531     9.3447633075714104933  274.26259009285286
 20                       20                        6.3447633075714096051  1177.655777441625
 15.174191560745239116    19.996636619567869531     8.3447633075714104933  1116.1840138777793
 13.174191560745239116    15.996636619567869531     9.3447633075714104933  245.83867599188872
 14.174191560745239116    14.996636619567869531     9.3447633075714104933  1053.5614014702605
 16.174191560745239116    19.996636619567869531     8.3447633075714104933  632.4070233947589
 14.174191560745239116    18.996636619567869531     9.3447633075714104933  521.7454547186575
 13.174191560745239116    15.996636619567869531    10.344763307571410493   831.8841798170901
 14.174191560745239116    17.996636619567869531     9.3447633075714104933  262.7593170971986
  7.1741915607452400039    3.9966366195678699746    9.3447633075714104933  1761.1290335608762
 15.174191560745239116    19.996636619567869531    10.344763307571410493   943.3947701290281
 12.174191560745239116    13.996636619567869531    10.344763307571410493   818.687013420428
 18.174191560745239116    20                       10.344763307571410493   3184.084121663103
  8.1741915607452391157   10.996636619567869531     8.3447633075714104933  3017.841405068318
 14.174191560745239116    11.996636619567869531    11.344763307571410493   5162.140028306899
 13.174191560745239116    16.996636619567869531     9.3447633075714104933  556.2805023206631
 13.174191560745239116    13.996636619567869531     8.3447633075714104933  445.35085325488853
 13.174191560745239116    12.996636619567869531     8.3447633075714104933  421.35804660913163
 14.174191560745239116    16.996636619567869531     9.3447633075714104933  236.94153321600248
 14.174191560745239116    18.996636619567869531    10.344763307571410493   522.5491782058871
 14.174191560745239116    20                       10.344763307571410493   415.03924043326145
 17.174191560745239116    19.996636619567869531     9.3447633075714104933  1197.7447380218043
 12.174191560745239116    19.996636619567869531    10.344763307571410493   1378.1933982747369
  9.1741915607452391157   12.996636619567869531     9.3447633075714104933  2304.868979940483
 19.174191560745239116    20                        9.3447633075714104933  2546.6278714124105
 14.174191560745239116    16.996636619567869531     9.0847633075714107065  250.61875882421953
 13.174191560745239116    14.996636619567869531     9.1747633075714105644  200.1190096023675
 13.174191560745230234    13.996636619567869531     9.0847633075714107065  459.30748788013346
 13.174191560745239116    14.996636619567869531     9.4947633075714108486  390.47225694599933
 14.174191560745239116    16.996636619567869531     9.1847633075714103512  227.91720879411318
 14.174191560745239116    16.996636619567869531     9.1247633075714098538  240.40664754959792
 10.174191560745239116     8.9966366195678695306    8.1747633075714105644  247.90326749833562
 11.174191560745239116    10.996636619567869531     9.1747633075714105644  361.4864097597363
 14.174191560745239116    16.996636619567869531     9.1747633075714105644  230.00004108094015
 10.174191560745239116     9.9966366195678695306    9.1747633075714105644  139.87332553425273
  1.1741915607452400039    0                        9.1747633075714105644  9166.738834762575
 11.174191560745239116    10.996636619567869531     8.1747633075714105644  478.03723102989363
 13.174191560745239116    15.996636619567869531     9.1747633075714105644  335.6842349434263
 18.174191560745239116    19.996636619567869531    10.174763307571410564   2949.986138327872
 12.174191560745239116     2.9966366195678699746   10.174763307571410564   14019.75400949729
  2.1741915607452400039    0                        8.1747633075714105644  11617.057281112673
 11.174191560745239116    11.996636619567869531    10.174763307571410564   691.1247969142094
 11.174191560745239116    10.996636619567869531     9.1847633075714103512  369.959666007846
 12.174191560745239116    14.996636619567869531     9.4147633075714107775  526.2768175281694
 10.174191560745239116    11.996636619567869531     8.6747633075714105644  1474.4296281986067
 15.174191560745239116     7.9966366195678704187    9.1447633075714094275  7198.975273884793
  8.1741915607452391157    4.9966366195678704187    8.9447633075714101381  1725.2621023665274
 12.174191560745239116    13.996636619567869531     9.2447633075714108486  269.8087256360114
 10.174191560745239116     9.9966366195678695306    9.3747633075714098538  153.68821750921254
 10.174191560745239116     7.9966366195678704187    9.1547633075714092143  1409.0592045435062
 12.174191560745239116     9.9966366195678695306    9.2147633075714097117  2052.4664254371933
 14.174191560745239116    15.996636619567869531     9.2447633075714108486  504.1205636655222
  8.1741915607452391157    5.9966366195678704187    9.2947633075714097828  835.6690788205343
 13.174191560745239116    13.996636619567869531     9.2147633075714097117  582.629687724544
 10.174191560745239116     9.9966366195678695306    9.0747633075714091433  160.19541307458894
  9.1741915607452391157    8.9966366195678695306    9.1247633075714098538  487.9816981905682
  9.1741915607452391157   10.996636619567869531     9.1847633075714103512  1557.1523952945583
 10.174191560745239116     9.9966366195678695306    9.2747633075714102091  134.99131668162147
 10.174191560745239116     9.9966366195678695306    9.5747633075714091433  296.499285326698
  9.1741915607452391157    9.9966366195678695306    9.5747633075714091433  799.1391208157693
  8.1741915607452391157    5.9966366195678704187    9.2347633075714092854  795.0269045275602
 13.174191560745239116    13.996636619567869531     9.1947633075714101381  563.53287734848
 11.174191560745239116    10.996636619567869531     9.4247633075714105644  576.2383247517573
 11.174191560745239116     9.9966366195678695306    9.0747633075714091433  909.7287638738378
 11.174191560745239116     8.9966366195678695306    9.3247633075714091433  1860.7962264280923
  9.1741915607452391157    9.9966366195678695306    9.2947633075714097828  958.3143446629304
 10.26419156074524075     10.996636619567869531     9.4247633075714105644  409.07966041941825
 10.504191560745239187    11.66663661956786946      9.2847633075714099959  561.1757978550711
 11.004191560745239187    11.16663661956786946      9.2047633075714099249  145.20667331496074
  8.7241915607452398262    6.7766366195678697792    9.1947633075714101381  748.5619036459668
 11.314191560745239684    12.196636619567870596     9.2347633075714092854  193.5954233640236
  9.5841915607452392578    8.5766366195678696016    9.2047633075714099249  320.44199689701503
 10.884191560745239968    11.296636619567870241     9.2247633075714094986  143.6066568641919
  9.8141915607452396841    9.6966366195678705964    9.2447633075714108486  248.89380422229706
 10.704191560745240253    10.796636619567870241     9.2147633075714097117  132.45382528922323
  9.8141915607452396841    9.2266366195678699569    9.2147633075714097117  130.64705790418395
  9.2841915607452403236    8.1966366195678705964    9.2147633075714097117  268.2259220976329
 10.284191560745240324    10.016636619567870881     9.2947633075714097828  171.16210088920124
 10.204191560745240253    10.006636619567869317     9.2047633075714099249  124.7934033386002
 10.304191560745239897    10.026636619567870667     9.1447633075714094275  107.38218273411374
 10.374191560745240182    10.036636619567870454     9.0847633075714107065  104.0670332901168
  9.5541915607452398973    8.71663661956787017      9.1247633075714098538  139.2208841516333
 10.414191560745239329    10.276636619567870667     9.1947633075714101381  118.14993422482573
 10.844191560745240821    10.986636619567869744     9.1047633075714102802  127.39363543868723
 10.594191560745240821    10.546636619567870241     9.1347633075714096407  118.1052986593644
 10.714191560745240039    10.566636619567869815     9.0747633075714091433  118.07074228199701
 10.704191560745240253    10.486636619567869744     9.0047633075714106354  109.79194815157283
 10.604191560745240608    10.176636619567869246     8.9747633075714094986  138.49039975436366
 10.594191560745240821    10.456636619567870383     9.0947633075714104933  114.22100126740177
 10.404191560745239542    10.086636619567869388     9.0447633075714097828  100.03895154525813
 10.2441915607452394       9.8466366195678691753    9.0347633075714099959  90.8824916865236
 10.284191560745240324     9.7866366195678704543    8.9847633075714092854  87.90116784403477
 10.134191560745239968     9.4566366195678597251    8.9347633075714103512  95.83062733628648
  9.8941915607452397552    9.2966366195678702411    9.0647633075714093565  77.60511084478051
  9.4941915607452305181    8.6966366195678705964    9.0947633075714104933  119.30368288492791
  9.904191560745239542     9.2466366195678695306    8.9747633075714094986  66.09383190347208
  9.6741915607452391157    8.8566366195678707385    8.9147633075714107775  65.93861951758353
  9.654191560745239542     8.7766366195678706674    8.9447633075714101381  59.61783010498383
  9.3641915607452403947    8.2466366195678801887    8.8947633075714094275  95.9575922334521
  9.1941915607452404657    8.1666366195678694595    8.9647633075714097117  109.67362378161354
 10.01419156074524075      9.386636619567870099     8.9847633075714092854  73.73287451459008
  9.6641915607452393289    8.71663661956787017      8.8347633075714107065  47.02003946459764
  9.5541915607452398973    8.4266366195678692463    8.7147633075714097117  59.45441245431468
  9.3141915607452308024    8.1766366195678692463    8.8147633075714093565  60.609666561768385
  9.4141915607452304471    8.2566366195678693174    8.8147633075714093565  81.54974331349564
  9.6141915607452403947    8.7066366195678703832    8.8947633075714094275  47.92463899781534
  9.9741915607452504844    9.2866366195678704543    8.9647633075714097117  70.33382057571094
  9.4841915607452396131    8.4566366195678703832    8.8547633075714102802  50.64224538225821
